function K_sym = LQR_K_WBR(lL,lR)
%LQR_K_WBR
%    K_sym = LQR_K_WBR(lL,lR)

%    This function was generated by the Symbolic Math Toolbox version 23.2.
%    2026-01-27 20:28:47

t2 = lL.^2;
t3 = lR.^2;
et1 = lL.*(-1.662698997599501e+1)+lR.*2.439844498968121+t2.*1.939455195023265e+1-t3.*3.221429526633454+lL.*lR.*1.312545859284766;
et2 = 4.871802994713016e-1;
et3 = lL.*(-2.104108404599605e+1)+lR.*2.993378830489882+t2.*2.349755250832074e+1-t3.*4.447324558753778+lL.*lR.*1.485037540551106;
et4 = 5.335631372165006e-1;
et5 = lL.*1.044822736417632e+1-lR.*5.021617967892176-t2.*8.258981328170925+t3.*5.120518282640707+lL.*lR.*1.451782052991663;
et6 = -3.064953505947213;
et7 = lL.*2.664591741783852-lR.*1.402345322655644-t2.*1.594930807509763+t3.*1.258225732594055+lL.*lR.*4.286860470158255e-1;
et8 = -6.916209660739698e-1;
et9 = lL.*(-4.728803682466051e+1)+lR.*8.205099124643187+t2.*2.376326359617382e+1-t3.*1.027542170839875e+1+lL.*lR.*7.360535547699614;
et10 = -4.396974561261497e-1;
et11 = lL.*(-3.665373208309012)+lR.*5.575021398905281e-1-t2.*2.613838775368843-t3.*1.062664874729676+lL.*lR.*1.174938766558182;
et12 = 1.238811530350419e-1;
et13 = lL.*(-4.106793731974389)-lR.*2.044781255773818e+1+t2.*1.554897692154645e+1+t3.*1.54431596964592e+1-lL.*lR.*1.165107783186294;
et14 = 1.654870251376024e-2;
et15 = lL.*(-1.732157051780223)-lR.*1.149409208760643+t2.*3.539805751216375-t3.*1.92681883476292e-1-lL.*lR.*3.90741815652751;
et16 = 1.802598718653538e-1;
et17 = lL.*9.499686370000239+lR.*2.885545771848352e+1+t2.*2.434843990671337e+1-t3.*1.733852260896008e+1-lL.*lR.*2.984910677092452e+1;
et18 = -2.071642040855678e+1;
et19 = lL.*2.141660916381501e-1+lR.*4.135513166396802+t2.*3.807733026006769-t3.*3.210783791689221-lL.*lR.*3.660051674616221;
et20 = -2.254452506172444;
et21 = lL.*2.439844499152822-lR.*1.662698997608718e+1-t2.*3.221429526971716+t3.*1.939455195040518e+1+lL.*lR.*1.312545859242584;
et22 = 4.871802994615842e-1;
et23 = lL.*2.993378830637585-lR.*2.104108404604516e+1-t2.*4.447324559008142+t3.*2.349755250842026e+1+lL.*lR.*1.485037540486466;
et24 = 5.33563137205866e-1;
et25 = lL.*5.021617967885835-lR.*1.04482273641936e+1-t2.*5.120518282616821+t3.*8.258981328214666-lL.*lR.*1.451782052996477;
et26 = 3.064953505949121;
et27 = lL.*1.402345322661781-lR.*2.664591741779887-t2.*1.258225732603573+t3.*1.594930807504434-lL.*lR.*4.286860470165116e-1;
et28 = 6.916209660725019e-1;
et29 = lL.*(-2.044781255765516e+1)-lR.*4.106793732023411+t2.*1.544315969632872e+1+t3.*1.554897692166086e+1-lL.*lR.*1.165107783263968;
et30 = 1.65487025109673e-2;
et31 = lL.*(-1.149409208743491)-lR.*1.732157051787027-t2.*1.926818835003455e-1+t3.*3.539805751235929-lL.*lR.*3.907418156548129;
et32 = 1.802598718643232e-1;
et33 = lL.*8.205099124766285-lR.*4.728803682467908e+1-t2.*1.027542170863525e+1+t3.*2.376326359619559e+1+lL.*lR.*7.360535547695851;
et34 = -4.396974561381717e-1;
et35 = lL.*2.885545771864937e+1+lR.*9.499686369885762-t2.*1.733852260928117e+1+t3.*2.434843990690993e+1-lL.*lR.*2.98491067709088e+1;
et36 = -2.071642040856246e+1;
et37 = lL.*4.13551316641352+lR.*2.141660916283756e-1-t2.*3.210783791720469+t3.*3.80773302602402-lL.*lR.*3.66005167461752;
et38 = -2.254452506173195;
et39 = lL.*(-1.604249879210129e+1)-lR.*1.796086757799562e+1-t2.*2.45263098628282e+1+t3.*2.289720639696169e+1+lL.*lR.*1.879420740729841e+1;
et40 = 1.914215108932994e+1;
et41 = lL.*(-1.566380929783462e+1)-lR.*2.233947162262471e+1-t2.*3.439605225792342e+1+t3.*3.092671732230137e+1+lL.*lR.*2.066659250714509e+1;
et42 = 2.380279748399454e+1;
et43 = lL.*(-4.740776515856589e+1)-lR.*4.150918698029503+t2.*7.953842250384099e+1+t3.*1.589252467323695e+1-lL.*lR.*3.849333150922197e+1;
et44 = -3.963237622816361;
et45 = lL.*(-1.413151289554882e+1)-lR.*4.556649326802858e-1+t2.*2.266279429849985e+1+t3.*4.367119721156174-lL.*lR.*1.29586228144154e+1;
et46 = -7.010562869084064e-1;
et47 = lL.*1.236288360124851e+2-lR.*1.389507154143517e+1-t2.*2.140086106841883e+2-t3.*5.062068267666184+lL.*lR.*1.018706642488288e+2;
et48 = 2.653462166497341e+1;
et49 = lL.*1.927548558646651e+1-lR.*2.908472561283933-t2.*2.342052358320083e+1+t3.*3.25484060940573+lL.*lR.*6.723561298600711;
et50 = 1.067549591370416;
et51 = lL.*(-7.756434087776016e+1)+lR.*3.8212753402162e+1+t2.*1.095547249024031e+2+t3.*3.899980846459928e+1-lL.*lR.*1.923908878166181e+2;
et52 = 9.367039585092387;
et53 = lL.*(-8.117812663172908e-1)+lR.*1.221280601721132e+1+t2.*4.946671139458464e-1+t3.*4.149421736483749-lL.*lR.*2.516574850354939e+1;
et54 = 3.515146678888473e-1;
et55 = lL.*(-4.886346885802064e+2)+lR.*3.076223077745339e+1+t2.*4.666994925445679e+2-t3.*7.69440533264023e+1+lL.*lR.*1.780921153946292e+2;
et56 = 1.153553799379543e+1;
et57 = lL.*(-4.593228147528504e+1)-lR.*7.699800188301155e-1+t2.*3.806235893166041e+1-t3.*3.098486006343943+lL.*lR.*2.306217698302532e+1;
et58 = 4.308443510611627;
et59 = lL.*(-1.796086757835788e+1)-lR.*1.604249879204166e+1+t2.*2.28972063972456e+1-t3.*2.452630986332741e+1+lL.*lR.*1.879420740816055e+1;
et60 = 1.914215108936606e+1;
et61 = lL.*(-2.23394716226572e+1)-lR.*1.566380929784419e+1+t2.*3.092671732179027e+1-t3.*3.439605225848934e+1+lL.*lR.*2.066659250832837e+1;
et62 = 2.380279748400334e+1;
et63 = lL.*4.150918698184127+lR.*4.740776515832981e+1-t2.*1.58925246734871e+1-t3.*7.953842250329264e+1+lL.*lR.*3.849333150905294e+1;
et64 = 3.963237622826557;
et65 = lL.*4.556649327136738e-1+lR.*1.41315128954995e+1-t2.*4.367119721230421-t3.*2.266279429840739e+1+lL.*lR.*1.29586228144211e+1;
et66 = 7.010562869106807e-1;
et67 = lL.*3.821275340205531e+1-lR.*7.756434087781801e+1+t2.*3.899980846439838e+1+t3.*1.095547249021296e+2-lL.*lR.*1.923908878157874e+2;
et68 = 9.367039585114261;
et69 = lL.*1.221280601719249e+1-lR.*8.117812663125799e-1+t2.*4.149421736444393+t3.*4.946671138632805e-1-lL.*lR.*2.516574850339235e+1;
et70 = 3.515146678907907e-1;
et71 = lL.*(-1.389507154141064e+1)+lR.*1.236288360124413e+2-t2.*5.062068268147986-t3.*2.140086106845396e+2+lL.*lR.*1.01870664249732e+2;
et72 = 2.653462166497801e+1;
et73 = lL.*(-2.908472561280921)+lR.*1.927548558646604e+1+t2.*3.254840609328597-t3.*2.34205235832769e+1+lL.*lR.*6.72356129875544;
et74 = 1.067549591370389;
et75 = lL.*3.076223077675959e+1-lR.*4.886346885805992e+2-t2.*7.694405332589623e+1+t3.*4.666994925446045e+2+lL.*lR.*1.780921153963135e+2;
et76 = 1.153553799392633e+1;
et77 = lL.*(-7.699800188558039e-1)-lR.*4.593228147530508e+1-t2.*3.098486006365562+t3.*3.806235893163411e+1+lL.*lR.*2.306217698316572e+1;
et78 = 4.308443510617598;
mt1 = [et1+et2,et21+et22,et39+et40,et59+et60,et3+et4,et23+et24,et41+et42,et61+et62,et5+et6,et25+et26,et43+et44,et63+et64,et7+et8,et27+et28,et45+et46,et65+et66,et9+et10,et29+et30,et47+et48,et67+et68,et11+et12,et31+et32,et49+et50,et69+et70,et13+et14,et33+et34,et51+et52,et71+et72,et15+et16];
mt2 = [lL.*5.575021399115758e-1-lR.*3.665373208309976-t2.*1.062664874770272-t3.*2.613838775370406+lL.*lR.*1.174938766557401+1.238811530327965e-1,et53+et54,et73+et74];
mt3 = [et17+et18,et35+et36,et55+et56,et75+et76,et19+et20,et37+et38,et57+et58,et77+et78];
K_sym = reshape([mt1,mt2,mt3],4,10);
end
